08201005230716201005230716030101000018
283247677301200908030701010101010101                          月牙                                                    1.0001                        2009080300000020140802000000
283250322101201005220100010000000000                          小杨                                                    1.0001                        2010052200000020150521000000
376702253001200907270401000101000001                          王晓娟                                                  1.0001                        2009072700000020140726000000
283245691701200907230501010101010000                          老胡                                                    1.0001                        2009072300000020140722000000
376855392201200907270701010101010101                          蔡国庆                                                  1.0005                        2009072700000020140726000000
283247776501200907280701010101010101                          杨柳青                                                  1.0001                        2009072800000020140727000000
283250398901200907220701010101010101                          马燕洪                                                  1.0001                        2009072200000020140721000000
283250394101200907230501010101010000                          万里                                                    1.0001                        2009072300000020140722000000
28324776370220100523                                                              0000001202 08新E45621            621150.01                  0000012010052300000020100823000000
28324581650220100523                                                              0000000501 08新F45622            622102.01                  0000012010052316140820100623000000
28324773330220100523                                                              0000000104 08新M53696            696120.01                  0000022010052319245520100523000000
28325047250220100523                                                              0000000053 08新K25634            634120.01                  0000012010052300000020100823000000
28324837650220100523                                                              0000001005 08新M52643            643100001                  0000022010052300000020100823000000
28324782930220100523                                                              0000000304 08新K45635            63520.001                  0000012010052300000020100723000000
28324799730220090725                                                              0000001201 08湘D2585             58525.001                  0000022009072511374920101022000000
28325052050220090803                                                              0000000501 08浙A8888             88825.001                  0000022009080312460120090803124601
26488226680220090722                                                              0000001202 08湘D2222             22225.001                  0000022009072215414320091004000000
28324777010220100523                                                              0000000204 08新D28989            989120.01                  0000022010052317381020100823000000
